method=hdt
exit_code=0
wall_seconds=198.0
user_seconds=91348.47999999998
sys_seconds=48.849999999999994
max_rss_kb=2725144
output_path=
output_size_bytes=1975863540
