method=hdt_brotli
exit_code=0
wall_seconds=195.71904
user_seconds=184.35000000000002
sys_seconds=5.22
max_rss_kb=112844
output_path=
output_size_bytes=682409675
