method=brotli
exit_code=0
wall_seconds=350
user_seconds=341.68000000000006
sys_seconds=7.329999999999999
max_rss_kb=52312
output_path=
output_size_bytes=652792888
