method=hdt_brotli
exit_code=0
wall_seconds=99.261075
user_seconds=89.52
sys_seconds=2.9800000000000004
max_rss_kb=101868
output_path=
output_size_bytes=318929476
