method=gzip
exit_code=0
wall_seconds=201.73000000000002
user_seconds=177.75
sys_seconds=11.850000000000001
max_rss_kb=4096
output_path=
output_size_bytes=1032556050
