1790609321	4096
1790609326	4096
1790609331	4096
